8 32 8
4.971 3.880 0.356 -3.420 4.611 1.980 -2.021 1.496 -1.911
-0.001 0.715 -19.467 0.233 2.628 0.061 0.495 0.370 1.033
7.976 4.427 -0.302 3.546 0.092 -4.233 -0.904 2.488 3.330
18.771 21.047 1.359 -1.914 0.323 1.292 1.626 -0.650 0.090
-1.196 0.515 -0.624 1.819 0.970 1.827 -17.981 -0.873 0.945
9.560 -0.257 24.785 1.138 1.915 -1.794 0.178 -1.674 -0.633
5.013 0.389 1.842 -1.229 -1.940 1.000 -0.538 -0.702 6.371
-2.155 0.285 -1.330 0.859 0.736 -11.415 -2.400 0.798 -0.644
10.852 -1.363 -0.457 -0.850 18.502 0.344 -0.589 -0.501 -2.429
10.335 2.511 0.242 2.150 2.675 4.845 1.511 0.412 3.258
13.787 0.678 2.026 16.034 -2.552 0.152 0.503 1.455 -0.149
-9.034 -20.217 0.137 0.426 0.233 0.269 0.202 -1.619 0.410
-10.955 6.574 -0.131 1.046 -0.127 -26.996 0.890 -0.130 1.397
7.921 -1.409 -0.259 22.947 0.265 0.427 -0.751 -2.131 -1.392
3.365 -0.712 -3.710 -0.272 0.178 -9.282 -3.973 6.856 0.015
6.829 9.066 0.207 -1.935 0.923 0.910 2.211 -0.251 0.314
-1.744 0.006 -0.346 -16.902 1.224 1.188 0.578 -2.080 0.903
-2.474 -1.841 1.007 1.322 -14.148 -1.070 -0.322 0.376 -0.328
8.989 -0.349 1.429 -0.900 0.904 0.415 0.396 -1.060 18.316
-4.008 -0.382 -9.252 2.292 -13.777 -0.386 -0.017 -0.906 0.339
4.389 -1.363 -0.481 -1.557 -1.209 -0.948 20.303 -0.363 -1.499
13.831 -0.605 -1.074 0.856 0.868 -1.673 -0.430 16.696 -0.329
-4.099 -0.371 -1.341 -1.487 1.409 0.044 0.926 -19.754 -0.024
4.541 0.137 -1.731 -1.042 0.857 -1.618 -0.719 0.796 7.340
8.633 -1.021 13.786 -0.931 -2.395 0.007 -0.461 0.244 -0.466
16.110 -6.116 -0.827 1.146 0.134 24.698 -0.147 -0.346 0.484
1.425 -1.951 2.755 -0.649 -2.111 1.881 1.251 -0.464 -6.330
-8.346 -0.311 0.124 -0.018 -18.927 1.019 0.263 0.110 -0.703
-3.016 0.321 -0.212 -2.153 1.014 0.850 1.058 -0.339 -19.762
10.934 -0.478 0.587 -0.084 -0.079 0.254 10.961 -0.254 1.792
-8.008 -0.774 0.092 -0.303 -0.359 -0.562 -0.198 -15.761 -0.795
-2.103 -18.406 -0.152 2.929 -0.999 -0.431 0.121 0.059 -0.481
21.014 -2.719 1.184 -4.550 7.271 -0.286 2.416 1.035 -2.439 2.690 -1.311 0.292 -0.437 5.044 2.645 -8.011 -4.789 3.385 4.744 0.676 2.774 1.087 0.842 -7.128 -0.019 5.950 5.140 -2.145 -0.400 6.829 0.000 6.206 5.247
22.242 1.301 7.926 -1.761 6.020 -0.353 4.764 -0.704 -1.515 7.882 -0.444 -6.899 8.724 6.217 10.117 -8.750 -3.794 2.038 -1.147 -5.526 1.536 1.236 0.569 7.500 0.477 -1.039 5.811 -2.120 4.448 -7.122 -0.642 -2.808 -8.932
6.672 2.876 -13.246 -2.372 4.561 -0.818 -10.849 -0.910 1.430 0.978 -0.106 1.565 0.224 7.761 2.736 -2.142 -4.947 7.072 -6.800 1.391 -2.695 0.577 -5.474 2.022 0.354 -0.844 10.211 -2.932 7.474 1.334 -0.642 -6.282 -0.043
8.611 -1.948 4.200 1.297 -9.244 -1.052 9.699 4.813 -1.028 -5.538 1.068 0.339 -10.545 5.025 0.721 -6.445 -2.324 1.853 1.138 -0.767 1.244 -0.452 2.567 -1.217 3.024 -6.260 5.121 -0.705 -6.982 3.696 7.212 1.789 1.354
8.092 -2.526 3.943 2.424 11.493 -7.197 2.540 0.221 -0.309 -4.976 -0.499 7.076 4.511 0.699 -2.372 -4.803 -0.579 0.246 -0.020 6.879 2.193 -8.047 1.161 -0.387 -4.734 -0.322 0.910 -2.707 -7.826 2.014 -3.323 0.468 1.408
-5.400 0.644 1.137 -3.270 -2.391 0.862 1.235 -0.926 -0.468 1.265 -3.282 2.805 -3.508 -10.110 -0.048 -0.911 -0.453 3.438 -0.656 -2.429 1.400 1.471 1.712 -0.330 1.113 1.358 -9.428 -0.249 0.967 -4.993 -1.688 0.634 -0.852
20.999 -2.203 5.301 1.133 5.433 6.516 3.827 -2.360 4.057 0.476 -3.452 -0.653 0.607 6.328 -1.626 0.088 -4.080 0.689 0.009 0.890 2.032 3.500 5.914 -0.760 1.475 1.286 5.558 -7.522 0.763 2.478 0.415 0.653 0.564
4.403 -0.564 1.265 0.129 0.380 6.549 2.352 0.268 -3.336 2.328 0.761 -4.710 -4.058 4.885 -9.130 -0.582 -5.057 -11.420 -1.474 1.544 1.923 7.335 -6.760 2.372 -2.523 -0.079 4.247 0.204 0.689 0.889 -2.168 -4.339 0.019
