5 10 4
-0.667 0.912 0.963 1.191 0.994 0.478
1.419 0.278 0.978 0.446 0.008 0.625
2.781 1.009 0.744 0.609 0.873 0.525
0.763 0.962 0.306 1.026 0.658 0.153
0.919 0.736 -0.002 0.801 -0.034 0.797
0.538 0.351 0.048 0.279 0.240 0.682
1.265 0.375 0.915 0.259 0.384 0.271
1.354 -0.027 0.857 0.419 0.765 0.301
1.398 0.701 0.651 0.571 0.603 0.053
0.444 0.602 0.599 0.433 0.569 -0.066
1.988 -0.175 0.671 1.633 0.900 0.500 0.567 0.446 1.137 0.710 0.193
6.914 -2.244 2.516 4.324 1.058 1.134 0.911 1.656 2.108 2.037 0.094
6.574 -3.007 2.679 5.117 0.713 0.974 1.260 1.437 2.091 1.342 -0.151
3.918 -1.765 1.112 2.438 0.050 0.467 0.187 1.148 1.044 0.794 0.144
